2m_temperature:
mse: 4.401877107945356
weight_mse: 2.638789601285349
weighted_rmse: 1.6102832688920452
bias: -0.4775225086714684

temperature:
mse: 6.61277994425247
weight_mse: 4.730869720414125
weighted_rmse: 2.0015839727134144
bias: -0.5117061362001707

specific_humidity:
mse: 4.1899894681618477e-07
weight_mse: 5.90095290878531e-07
weighted_rmse: 0.0007656572905522016
bias: -6.0916294684581266e-05

geopotential:
mse: 339503.5904596502
weight_mse: 229403.52483159845
weighted_rmse: 475.58988597301135
bias: -72.56373039691938

